dis:0.75983436853
gen:0.75983436853
dis:0.732919254658
gen:0.846100759144
dis:0.783988957902
gen:0.846100759144
dis:0.76259489303
gen:0.836438923395
